Mstar	    logAge	    logMacc	    logMaccErr
1.931000	6.570000	-8.082000	0.225000
1.802000	6.690000	-8.268000	0.457000
1.612000	6.860000	-8.097000	0.161000
1.616000	6.900000	-8.036000	0.174000
0.759000	5.990000	-8.195000	0.285000
1.304000	7.210000	-8.231000	0.184000
0.567000	5.420000	-7.804000	0.148000
0.619000	5.820000	-7.711000	0.208000
0.403000	5.010000	-7.155000	0.144000
0.490000	5.770000	-7.852000	0.122000
0.494000	5.680000	-7.822000	0.233000
0.743000	6.330000	-8.996000	0.249000
1.821000	6.690000	-8.243000	0.410000
0.565000	5.410000	-8.190000	0.213000
1.565000	5.700000	-7.807000	0.398000
0.582000	5.060000	-7.714000	0.157000
0.978000	5.680000	-8.175000	0.358000
0.558000	5.550000	-8.034000	0.157000
0.420000	5.700000	-8.485000	0.154000
1.265000	6.310000	-8.375000	0.377000
0.431000	5.990000	-8.149000	0.159000
1.900000	6.550000	-7.764000	0.222000
1.490000	6.030000	-8.217000	0.252000
1.127000	5.890000	-7.542000	0.296000
1.375000	6.400000	-8.440000	0.094000
1.191000	7.260000	-8.112000	0.128000
1.782000	6.710000	-8.166000	0.058000
0.587000	5.410000	-8.144000	0.177000
0.891000	5.560000	-7.676000	0.126000
0.959000	6.150000	-9.136000	0.837000
0.556000	5.900000	-8.663000	0.377000
1.655000	6.660000	-8.315000	0.251000
0.944000	6.330000	-8.786000	0.114000
0.898000	5.730000	-8.225000	0.400000
1.147000	7.300000	-8.455000	0.214000
1.519000	5.480000	-7.160000	0.165000
1.592000	6.780000	-7.785000	0.023000
0.392000	5.730000	-8.664000	0.084000
1.642000	6.790000	-8.720000	0.317000
1.831000	6.560000	-8.420000	0.232000
0.692000	6.100000	-8.566000	0.106000
1.495000	6.830000	-8.333000	0.112000
1.609000	7.000000	-7.569000	0.164000
0.553000	5.750000	-7.803000	0.016000
0.584000	5.590000	-7.829000	0.242000
1.143000	6.320000	-8.216000	0.167000
1.413000	5.760000	-7.711000	0.207000
0.593000	5.660000	-8.684000	0.250000
1.025000	6.440000	-8.616000	0.113000
1.548000	6.780000	-8.217000	0.271000
1.139000	7.270000	-8.349000	0.155000
1.049000	7.320000	-8.561000	0.033000
0.745000	6.240000	-8.533000	0.079000
0.891000	6.550000	-8.887000	0.350000
0.936000	5.540000	-7.263000	0.176000
1.382000	7.080000	-7.426000	0.082000
1.469000	6.800000	-8.260000	0.270000
1.274000	7.130000	-7.782000	0.292000
1.057000	6.630000	-8.820000	0.050000
1.666000	6.760000	-7.790000	0.110000
1.216000	6.850000	-8.483000	0.597000
1.001000	7.390000	-8.654000	0.327000
1.392000	5.870000	-6.820000	0.161000
0.895000	5.690000	-7.339000	0.114000
1.176000	7.330000	-7.733000	0.352000
0.830000	7.600000	-8.669000	0.239000
1.135000	6.270000	-8.079000	0.394000
0.739000	7.730000	-9.405000	0.155000
1.151000	7.230000	-7.612000	0.149000
1.008000	6.990000	-8.420000	0.113000
1.701000	6.930000	-6.669000	0.238000
1.764000	6.860000	-6.973000	0.198000
0.919000	6.680000	-8.475000	0.196000
0.668000	6.080000	-8.794000	0.379000
1.488000	6.810000	-8.406000	0.305000
0.845000	6.020000	-8.277000	0.213000
0.362000	5.010000	-7.600000	0.107000
1.402000	6.970000	-7.784000	0.263000
0.954000	6.130000	-7.906000	0.244000
0.963000	6.280000	-8.873000	0.251000
0.497000	6.290000	-8.421000	0.153000
1.542000	7.180000	-7.714000	0.365000
1.153000	7.090000	-8.517000	0.304000
0.408000	5.910000	-7.828000	0.019000
0.707000	6.270000	-8.452000	0.223000
0.770000	7.650000	-8.096000	0.233000
0.875000	7.650000	-8.067000	0.107000
0.827000	7.010000	-8.443000	0.031000
0.819000	6.070000	-8.710000	0.519000
1.686000	5.770000	-7.366000	0.333000
0.902000	5.360000	-6.558000	0.331000
0.914000	5.890000	-7.224000	0.041000
0.677000	6.030000	-8.362000	0.301000
1.420000	6.750000	-7.612000	0.258000
1.137000	7.260000	-8.101000	0.137000
0.577000	5.910000	-8.042000	0.316000
1.812000	6.650000	-7.755000	0.140000
0.584000	5.340000	-7.777000	0.269000
1.196000	6.130000	-8.116000	0.167000
1.850000	5.520000	-8.024000	0.299000
1.196000	6.600000	-8.784000	0.192000
0.675000	6.010000	-8.338000	0.163000
1.991000	6.530000	-8.196000	0.160000
0.971000	7.440000	-7.864000	0.029000
0.629000	5.880000	-8.343000	0.149000
0.914000	5.890000	-7.641000	0.243000
0.492000	5.800000	-7.863000	0.105000
0.559000	5.100000	-7.671000	0.216000
1.265000	7.130000	-7.720000	0.145000
1.170000	7.190000	-8.324000	0.117000
1.217000	6.890000	-8.533000	0.593000
1.167000	7.190000	-8.649000	0.263000
1.070000	7.330000	-8.047000	0.063000
0.867000	7.340000	-9.090000	0.383000
1.128000	7.240000	-8.529000	0.300000
1.090000	6.930000	-8.324000	0.064000
1.344000	7.200000	-7.653000	0.365000
1.208000	7.300000	-8.287000	0.185000
1.484000	7.160000	-7.443000	0.173000
1.055000	6.610000	-8.683000	0.383000
0.991000	6.840000	-8.998000	0.421000
0.843000	7.530000	-9.017000	0.354000
0.742000	7.600000	-9.105000	0.261000
1.426000	6.800000	-8.259000	0.159000
0.759000	7.570000	-8.847000	0.418000
1.044000	6.850000	-8.733000	0.259000
1.743000	7.000000	-6.400000	0.125000
1.020000	6.410000	-8.334000	0.338000
0.998000	6.320000	-8.472000	0.210000
0.526000	5.550000	-7.361000	0.033000
0.500000	6.550000	-8.547000	0.022000
1.312000	7.170000	-7.650000	0.320000
0.781000	7.520000	-9.299000	0.208000
1.177000	7.140000	-7.670000	0.435000
1.289000	7.110000	-7.598000	0.214000
1.041000	6.980000	-8.898000	0.144000
0.947000	7.150000	-8.884000	0.307000
1.025000	6.430000	-8.794000	0.178000
0.623000	5.950000	-7.803000	0.171000
0.649000	5.760000	-7.584000	0.182000
0.903000	5.810000	-7.652000	0.259000
0.771000	6.360000	-8.251000	0.206000
1.106000	6.530000	-8.710000	0.139000
0.677000	6.030000	-7.569000	0.179000
0.980000	6.470000	-8.631000	0.222000
0.991000	6.690000	-8.809000	0.188000
0.863000	7.300000	-8.549000	0.072000
0.927000	5.980000	-7.115000	0.206000
0.788000	6.130000	-8.581000	0.216000
1.338000	7.230000	-7.438000	0.270000
1.095000	7.280000	-8.358000	0.408000
0.333000	5.360000	-8.364000	0.348000
0.808000	5.970000	-8.103000	0.339000
0.655000	7.780000	-8.545000	0.098000
1.156000	7.180000	-8.126000	0.174000
0.296000	5.790000	-8.360000	0.365000
1.956000	6.520000	-7.308000	0.094000
1.436000	6.980000	-7.978000	0.202000
0.339000	5.110000	-8.059000	0.220000
0.984000	7.140000	-8.273000	0.145000
1.269000	7.050000	-8.061000	0.209000
0.484000	6.370000	-9.144000	0.275000
0.986000	7.420000	-8.306000	0.357000
1.052000	7.040000	-8.804000	0.303000
1.414000	7.110000	-7.452000	0.503000
1.499000	6.690000	-8.408000	0.282000
0.526000	5.560000	-7.814000	0.138000
0.691000	6.090000	-8.381000	0.164000
0.494000	5.210000	-6.840000	0.154000
0.774000	7.760000	-8.934000	0.164000
0.877000	6.400000	-8.845000	0.349000
1.048000	6.820000	-8.097000	0.150000
0.597000	5.670000	-7.659000	0.317000
0.941000	6.680000	-8.770000	0.376000
0.498000	5.830000	-8.228000	0.220000
1.613000	6.930000	-7.290000	0.087000
1.814000	6.680000	-7.928000	0.270000
0.655000	6.230000	-8.484000	0.313000
0.607000	5.970000	-8.374000	0.510000
0.736000	6.400000	-9.205000	0.183000
1.050000	6.560000	-8.486000	0.228000
0.649000	6.100000	-8.667000	0.256000
0.987000	6.110000	-8.072000	0.264000
1.716000	6.680000	-7.882000	0.282000
0.213000	5.980000	-8.942000	0.314000
0.358000	5.720000	-8.502000	0.212000
0.264000	5.970000	-8.119000	0.092000
0.931000	6.790000	-9.009000	0.366000
0.609000	6.930000	-9.035000	0.138000
0.633000	5.790000	-8.099000	0.311000
0.608000	5.620000	-8.389000	0.317000
0.416000	5.820000	-8.515000	0.157000
0.959000	6.160000	-8.406000	0.301000
0.701000	6.450000	-8.593000	0.152000
0.624000	6.070000	-8.198000	0.226000
0.524000	6.340000	-8.711000	0.106000
1.259000	7.590000	-7.729000	0.422000
1.647000	6.810000	-7.864000	0.175000
0.600000	6.140000	-8.346000	0.092000
0.748000	6.040000	-8.509000	0.264000
1.467000	7.020000	-7.252000	0.198000
0.974000	7.050000	-8.397000	0.193000
0.538000	6.130000	-8.730000	0.205000
0.835000	7.260000	-8.798000	0.166000
0.696000	6.430000	-8.375000	0.167000
1.683000	6.690000	-8.186000	0.286000
1.392000	6.950000	-8.058000	0.288000
0.389000	5.890000	-8.810000	0.201000
0.159000	5.190000	-8.608000	0.302000
0.382000	5.630000	-8.521000	0.154000
0.591000	5.880000	-8.445000	0.230000
0.279000	5.830000	-8.390000	0.288000
0.408000	5.740000	-7.824000	0.200000
0.225000	5.260000	-7.991000	0.184000
0.403000	6.110000	-8.728000	0.217000
0.757000	7.580000	-8.799000	0.029000
0.535000	5.980000	-8.538000	0.168000
0.397000	5.790000	-8.167000	0.284000
0.951000	6.110000	-7.957000	0.253000
0.614000	5.780000	-8.257000	0.243000
1.733000	6.870000	-6.777000	0.172000
0.388000	5.420000	-8.126000	0.153000
1.738000	6.790000	-7.407000	0.264000
0.698000	6.220000	-8.929000	0.267000
0.670000	6.830000	-9.221000	0.276000
0.923000	5.950000	-7.981000	0.152000
1.422000	6.870000	-8.457000	0.415000
0.988000	6.400000	-8.963000	0.190000
1.567000	6.760000	-8.433000	0.189000
0.656000	5.920000	-7.888000	0.173000
0.490000	6.450000	-8.933000	0.145000
1.055000	6.600000	-8.914000	0.266000
1.271000	7.240000	-7.533000	0.289000
0.524000	5.910000	-8.396000	0.382000
